  File: /data/mephi-web
  Size: 4096      	Blocks: 8          IO Block: 4096   directory
Device: 8,17	Inode: 2           Links: 3
Access: (2775/drwxrwsr-x)  Uid: ( 1001/mephi-admin)   Gid: ( 1002/mephi-devs)
Context: system_u:object_r:httpd_sys_content_t:s0
Access: 2026-06-04 03:47:58.865232519 +0300
Modify: 2026-06-04 04:05:21.672000641 +0300
Change: 2026-06-04 04:05:21.672000641 +0300
 Birth: 2026-06-04 03:45:12.000000000 +0300
